-4.932049381624684092e-04 -6.269863185992029589e-04 -7.891248894049359731e-04 -9.833099345672147683e-04 -1.213087382277028021e-03 -1.481667178671587821e-03 -1.791703183076562116e-03 -2.145053708092682209e-03 -2.542534152149089274e-03 -2.983676240159441589e-03 -3.466510850730850687e-03 -3.987392906577691583e-03 -4.540887004012494725e-03 -5.119731088015168699e-03 -5.714892379234884009e-03 -6.315724917609146644e-03 -6.910231685851708078e-03 -7.485426717560981873e-03 -8.027784503017908191e-03 -8.523756181009239236e-03 -8.960325324552011889e-03 -9.325571403536672341e-03 -9.609206829699130925e-03 -9.803054115928879625e-03 -9.901433002384803575e-03 -9.901433002384800106e-03 -9.803054115928870951e-03 -9.609206829699113578e-03 -9.325571403536651524e-03 -8.960325324551984133e-03 -8.523756181009204541e-03 -8.027784503017876966e-03 -7.485426717560948913e-03 -6.910231685851669046e-03 -6.315724917609105010e-03 -5.714892379234843243e-03 -5.119731088015133137e-03 -4.540887004012458296e-03 -3.987392906577655154e-03 -3.466510850730816860e-03 -2.983676240159412532e-03 -2.542534152149059784e-03 -2.145053708092655321e-03 -1.791703183076539781e-03 -1.481667178671569607e-03 -1.213087382277010890e-03 -9.833099345672006737e-04 -7.891248894049232880e-04 -6.269863185991940684e-04 -4.932049381624604946e-04 -3.841084043099000423e-04 -2.961673988449639041e-04
-6.269863185992029589e-04 -7.970557203820203846e-04 -1.003174083182672028e-03 -1.250031287235781356e-03 -1.542134841001757293e-03 -1.883564886015641178e-03 -2.277694187037121714e-03 -2.726883400684162757e-03 -3.232166147967801065e-03 -3.792942342522556860e-03 -4.406701412567390688e-03 -5.068799047117449399e-03 -5.772311459662541125e-03 -6.507989520134197479e-03 -7.264331197548007206e-03 -8.027784503017915130e-03 -8.783084710619847718e-03 -9.513719582906421390e-03 -1.020250552605448183e-02 -1.083224724215297273e-02 -1.138644486299497834e-02 -1.185000693361382314e-02 -1.220992572608914535e-02 -1.245587333334811572e-02 -1.258068230582765415e-02 -1.258068230582764895e-02 -1.245587333334810531e-02 -1.220992572608912280e-02 -1.185000693361379885e-02 -1.138644486299494364e-02 -1.083224724215292936e-02 -1.020250552605444019e-02 -9.513719582906379757e-03 -8.783084710619797411e-03 -8.027784503017863088e-03 -7.264331197547956032e-03 -6.507989520134151509e-03 -5.772311459662495155e-03 -5.068799047117402562e-03 -4.406701412567347320e-03 -3.792942342522521298e-03 -3.232166147967763768e-03 -2.726883400684128930e-03 -2.277694187037093525e-03 -1.883564886015617760e-03 -1.542134841001735392e-03 -1.250031287235763792e-03 -1.003174083182655982e-03 -7.970557203820088921e-04 -6.269863185991929842e-04 -4.882974679046008654e-04 -3.765025489367730661e-04
-7.891248894049359731e-04 -1.003174083182672028e-03 -1.262594272679972698e-03 -1.573287851469657838e-03 -1.940927361175541141e-03 -2.370646850140028378e-03 -2.866688961119444930e-03 -3.432020621098184638e-03 -4.067935548234731004e-03 -4.773666796454807681e-03 -5.546036703385285628e-03 -6.379174329254041174e-03 -7.264331197548007206e-03 -8.189824320930346596e-03 -9.141130656259358403e-03 -1.010114902478737031e-02 -1.105063427732805477e-02 -1.196879475747654638e-02 -1.283402926516464398e-02 -1.362476568711768442e-02 -1.432035243722373612e-02 -1.490194773257959814e-02 -1.535335150088142607e-02 -1.566173005076651123e-02 -1.581819298484250791e-02 -1.581819298484250444e-02 -1.566173005076649735e-02 -1.535335150088139831e-02 -1.490194773257956518e-02 -1.432035243722369275e-02 -1.362476568711763064e-02 -1.283402926516459194e-02 -1.196879475747648740e-02 -1.105063427732799232e-02 -1.010114902478730266e-02 -9.141130656259294218e-03 -8.189824320930287616e-03 -7.264331197547946491e-03 -6.379174329253981326e-03 -5.546036703385233586e-03 -4.773666796454761711e-03 -4.067935548234687636e-03 -3.432020621098141704e-03 -2.866688961119409369e-03 -2.370646850139998887e-03 -1.940927361175513385e-03 -1.573287851469633986e-03 -1.262594272679953616e-03 -1.003174083182656849e-03 -7.891248894049226375e-04 -6.145711621182550809e-04 -4.738660991642425517e-04
-9.833099345672147683e-04 -1.250031287235781356e-03 -1.573287851469657838e-03 -1.960433785435585635e-03 -2.418536089020410611e-03 -2.953989334303738518e-03 -3.572074760159654576e-03 -4.276479580425869391e-03 -5.068799047117449399e-03 -5.948050196420493450e-03 -6.910231685851712415e-03 -7.947968023269110296e-03 -9.050278012771468053e-03 -1.020250552605449050e-02 -1.138644486299499048e-02 -1.258068230582767670e-02 -1.376115988238753481e-02 -1.490194773257961201e-02 -1.597619003257371578e-02 -1.695716960510020715e-02 -1.781942209198895954e-02 -1.853982516551837961e-02 -1.909859298313892201e-02 -1.948011941714833384e-02 -1.967363145819859063e-02 -1.967363145819858369e-02 -1.948011941714831649e-02 -1.909859298313888731e-02 -1.853982516551833798e-02 -1.781942209198890403e-02 -1.695716960510014124e-02 -1.597619003257365333e-02 -1.490194773257953742e-02 -1.376115988238745501e-02 -1.258068230582758996e-02 -1.138644486299490895e-02 -1.020250552605441938e-02 -9.050278012771391725e-03 -7.947968023269035703e-03 -6.910231685851647362e-03 -5.948050196420435337e-03 -5.068799047117395623e-03 -4.276479580425815614e-03 -3.572074760159609907e-03 -2.953989334303704691e-03 -2.418536089020378085e-03 -1.960433785435555711e-03 -1.573287851469633986e-03 -1.250031287235763792e-03 -9.833099345671989389e-04 -7.658027406587247787e-04 -5.904734899820488544e-04
-1.213087382277028021e-03 -1.542134841001757293e-03 -1.940927361175541141e-03 -2.418536089020410611e-03 -2.983676240159444191e-03 -3.644230280052626961e-03 -4.406701412567390688e-03 -5.275616500832454835e-03 -6.252905880108421480e-03 -7.337295734930670763e-03 -8.523756181009254848e-03 -9.803054115928905646e-03 -1.116146317985220425e-02 -1.258068230582768711e-02 -1.403800754504329514e-02 -1.550678745500383426e-02 -1.695716960510022450e-02 -1.835711590778926761e-02 -1.967363145819862880e-02 -2.087412186995700469e-02 -2.192777535599218022e-02 -2.280686412318828904e-02 -2.348787672010891128e-02 -2.395242438303368457e-02 -2.418790040381347053e-02 -2.418790040381346013e-02 -2.395242438303366375e-02 -2.348787672010886965e-02 -2.280686412318823700e-02 -2.192777535599211430e-02 -2.087412186995692143e-02 -1.967363145819855247e-02 -1.835711590778919128e-02 -1.695716960510012389e-02 -1.550678745500373192e-02 -1.403800754504319452e-02 -1.258068230582759690e-02 -1.116146317985211404e-02 -9.803054115928815440e-03 -8.523756181009171581e-03 -7.337295734930603108e-03 -6.252905880108352091e-03 -5.275616500832388915e-03 -4.406701412567336044e-03 -3.644230280052581858e-03 -2.983676240159402124e-03 -2.418536089020376350e-03 -1.940927361175509916e-03 -1.542134841001735392e-03 -1.213087382277008722e-03 -9.447538517368497769e-04 -7.284541232446096288e-04
-1.481667178671587821e-03 -1.883564886015641178e-03 -2.370646850140028378e-03 -2.953989334303738518e-03 -3.644230280052626961e-03 -4.450983650905349955e-03 -5.382166387493965594e-03 -6.443260410916841485e-03 -7.636542463524374769e-03 -8.960325324552027501e-03 -1.040826457830950312e-02 -1.196879475747655679e-02 -1.362476568711770350e-02 -1.535335150088145383e-02 -1.712629739673731180e-02 -1.891054893550012453e-02 -2.066927339558249227e-02 -2.236323412693481949e-02 -2.395242438303371926e-02 -2.539781959172959791e-02 -2.666308165354273896e-02 -2.771605750600616980e-02 -2.852995918400170333e-02 -2.908418311450116506e-02 -2.936480026640912733e-02 -2.936480026640910998e-02 -2.908418311450113730e-02 -2.852995918400166170e-02 -2.771605750600611082e-02 -2.666308165354265916e-02 -2.539781959172949383e-02 -2.395242438303361518e-02 -2.236323412693472235e-02 -2.066927339558237431e-02 -1.891054893550000310e-02 -1.712629739673718690e-02 -1.535335150088134627e-02 -1.362476568711758727e-02 -1.196879475747643883e-02 -1.040826457830940771e-02 -8.960325324551940765e-03 -7.636542463524293237e-03 -6.443260410916761688e-03 -5.382166387493897940e-03 -4.450983650905295311e-03 -3.644230280052575786e-03 -2.953989334303693849e-03 -2.370646850139992816e-03 -1.883564886015612555e-03 -1.481667178671563102e-03 -1.153924557123393825e-03 -8.897357328216348683e-04
-1.791703183076562116e-03 -2.277694187037121714e-03 -2.866688961119444930e-03 -3.572074760159654576e-03 -4.406701412567390688e-03 -5.382166387493965594e-03 -6.507989520134201816e-03 -7.790702629310555967e-03 -9.232892133033970480e-03 -1.083224724215298661e-02 -1.258068230582768711e-02 -1.446361850750468858e-02 -1.645952475639645904e-02 -1.853982516551841084e-02 -2.066927339558249227e-02 -2.280686412318832026e-02 -2.490729372713794756e-02 -2.692289860483055089e-02 -2.880590458203254045e-02 -3.051074025677890864e-02 -3.199613132150638112e-02 -3.322672540321774948e-02 -3.417410107643188005e-02 -3.481716616300312844e-02 -3.514210142003917903e-02 -3.514210142003916515e-02 -3.481716616300310069e-02 -3.417410107643183148e-02 -3.322672540321768009e-02 -3.199613132150629091e-02 -3.051074025677880108e-02 -2.880590458203241555e-02 -2.692289860483042599e-02 -2.490729372713780532e-02 -2.280686412318815720e-02 -2.066927339558235696e-02 -1.853982516551828594e-02 -1.645952475639632720e-02 -1.446361850750454807e-02 -1.258068230582756221e-02 -1.083224724215288599e-02 -9.232892133033869866e-03 -7.790702629310459690e-03 -6.507989520134119417e-03 -5.382166387493897940e-03 -4.406701412567331708e-03 -3.572074760159600366e-03 -2.866688961119401996e-03 -2.277694187037089622e-03 -1.791703183076533493e-03 -1.395381976273743279e-03 -1.075912283513832252e-03
-2.145053708092682209e-03 -2.726883400684162757e-03 -3.432020621098184638e-03 -4.276479580425869391e-03 -5.275616500832454835e-03 -6.443260410916841485e-03 -7.790702629310555967e-03 -9.325571403536693157e-03 -1.105063427732806518e-02 -1.296259100307061048e-02 -1.505094513314793846e-02 -1.729707211746701195e-02 -1.967363145819864614e-02 -2.214449046859668160e-02 -2.466532230203791892e-02 -2.718499409191272448e-02 -2.964776084478326634e-02 -3.199613132150640193e-02 -3.417410107643191475e-02 -3.613030560485501474e-02 -3.782059360005456117e-02 -3.920960270193340341e-02 -4.027114284344929240e-02 -4.098750423706244705e-02 -4.134810943313676351e-02 -4.134810943313674964e-02 -4.098750423706241236e-02 -4.027114284344922301e-02 -3.920960270193332708e-02 -3.782059360005445708e-02 -3.613030560485487597e-02 -3.417410107643177597e-02 -3.199613132150625622e-02 -2.964776084478311022e-02 -2.718499409191255101e-02 -2.466532230203774892e-02 -2.214449046859652548e-02 -1.967363145819848308e-02 -1.729707211746684889e-02 -1.505094513314779794e-02 -1.296259100307048731e-02 -1.105063427732794722e-02 -9.325571403536578666e-03 -7.790702629310459690e-03 -6.443260410916764290e-03 -5.275616500832381976e-03 -4.276479580425805206e-03 -3.432020621098132596e-03 -2.726883400684121557e-03 -2.145053708092645780e-03 -1.670573892291941139e-03 -1.288100288098831822e-03
-2.542534152149089274e-03 -3.232166147967801065e-03 -4.067935548234731004e-03 -5.068799047117449399e-03 -6.252905880108421480e-03 -7.636542463524374769e-03 -9.232892133033970480e-03 -1.105063427732806518e-02 -1.309242756942877693e-02 -1.535335150088145903e-02 -1.781942209198898383e-02 -2.046635134912330733e-02 -2.325877830794953471e-02 -2.615024391905012083e-02 -2.908418311450121710e-02 -3.199613132150640193e-02 -3.481716616300318395e-02 -3.747833496513741647e-02 -3.991550746448700726e-02 -4.207383816978690905e-02 -4.391094099841007931e-02 -4.539805862080286553e-02 -4.651895829790540782e-02 -4.726690257148425528e-02 -4.764063145347710582e-02 -4.764063145347707806e-02 -4.726690257148422059e-02 -4.651895829790533843e-02 -4.539805862080278920e-02 -4.391094099840997522e-02 -4.207383816978676333e-02 -3.991550746448684767e-02 -3.747833496513725687e-02 -3.481716616300299660e-02 -3.199613132150620765e-02 -2.908418311450101587e-02 -2.615024391904994042e-02 -2.325877830794934042e-02 -2.046635134912311998e-02 -1.781942209198882077e-02 -1.535335150088131158e-02 -1.309242756942863815e-02 -1.105063427732792813e-02 -9.232892133033857723e-03 -7.636542463524283696e-03 -6.252905880108335611e-03 -5.068799047117373072e-03 -4.067935548234669421e-03 -3.232166147967752059e-03 -2.542534152149046340e-03 -1.980136243539519676e-03 -1.526790426357653484e-03
-2.983676240159441589e-03 -3.792942342522556860e-03 -4.773666796454807681e-03 -5.948050196420493450e-03 -7.337295734930670763e-03 -8.960325324552027501e-03 -1.083224724215298661e-02 -1.296259100307061048e-02 -1.535335150088145903e-02 -1.799692903802557753e-02 -2.087412186995702551e-02 -2.395242438303374008e-02 -2.718499409191273489e-02 -3.051074025677893639e-02 -3.385600061790988713e-02 -3.713814624849192531e-02 -4.027114284344932710e-02 -4.317261142658858353e-02 -4.577136994755481164e-02 -4.801398177706464598e-02 -4.986870655766592608e-02 -5.132560857412858668e-02 -5.239244055910519116e-02 -5.308709109730606890e-02 -5.342849012567980893e-02 -5.342849012567980199e-02 -5.308709109730603420e-02 -5.239244055910514258e-02 -5.132560857412851035e-02 -4.986870655766582200e-02 -4.801398177706450027e-02 -4.577136994755465205e-02 -4.317261142658841006e-02 -4.027114284344912587e-02 -3.713814624849169632e-02 -3.385600061790966508e-02 -3.051074025677872475e-02 -2.718499409191251284e-02 -2.395242438303351110e-02 -2.087412186995682428e-02 -1.799692903802540753e-02 -1.535335150088129076e-02 -1.296259100307045088e-02 -1.083224724215285303e-02 -8.960325324551916479e-03 -7.337295734930572751e-03 -5.948050196420403245e-03 -4.773666796454735690e-03 -3.792942342522502650e-03 -2.983676240159394318e-03 -2.323705806044284831e-03 -1.791703183076530457e-03
-3.466510850730850687e-03 -4.406701412567390688e-03 -5.546036703385285628e-03 -6.910231685851712415e-03 -8.523756181009254848e-03 -1.040826457830950312e-02 -1.258068230582768711e-02 -1.505094513314793846e-02 -1.781942209198898383e-02 -2.087412186995702551e-02 -2.418790040381352258e-02 -2.771605750600620796e-02 -3.139491044106228895e-02 -3.514210142003924842e-02 -3.885943341982780325e-02 -4.243881729108181511e-02 -4.577136994755482552e-02 -4.875884796613737943e-02 -5.132560857412861444e-02 -5.342849012567985056e-02 -5.506179270452309094e-02 -5.625521495533659933e-02 -5.706418660437960477e-02 -5.755416945168162490e-02 -5.778250548007821119e-02 -5.778250548007820425e-02 -5.755416945168159715e-02 -5.706418660437956314e-02 -5.625521495533654381e-02 -5.506179270452299379e-02 -5.342849012567972566e-02 -5.132560857412846178e-02 -4.875884796613721289e-02 -4.577136994755461041e-02 -4.243881729108157919e-02 -3.885943341982756039e-02 -3.514210142003901943e-02 -3.139491044106203915e-02 -2.771605750600595122e-02 -2.418790040381330400e-02 -2.087412186995682428e-02 -1.781942209198879648e-02 -1.505094513314775111e-02 -1.258068230582752925e-02 -1.040826457830937996e-02 -8.523756181009133417e-03 -6.910231685851607464e-03 -5.546036703385201494e-03 -4.406701412567323901e-03 -3.466510850730791706e-03 -2.699751272925600323e-03 -2.081658681487192752e-03
-3.987392906577691583e-03 -5.068799047117449399e-03 -6.379174329254041174e-03 -7.947968023269110296e-03 -9.803054115928905646e-03 -1.196879475747655679e-02 -1.446361850750468858e-02 -1.729707211746701195e-02 -2.046635134912330733e-02 -2.395242438303374008e-02 -2.771605750600620796e-02 -3.169434452296382432e-02 -3.579869112206406079e-02 -3.991550746448702808e-02 -4.391094099841011400e-02 -4.764063145347717521e-02 -5.096454520780779873e-02 -5.376547908885815491e-02 -5.596811890958038049e-02 -5.755416945168164572e-02 -5.856873030849803208e-02 -5.911429568629028575e-02 -5.933154016631568550e-02 -5.936978822505199066e-02 -5.935356634460450809e-02 -5.935356634460452196e-02 -5.936978822505199760e-02 -5.933154016631568550e-02 -5.911429568629027187e-02 -5.856873030849796963e-02 -5.755416945168156939e-02 -5.596811890958025559e-02 -5.376547908885798838e-02 -5.096454520780757669e-02 -4.764063145347691153e-02 -4.391094099840985726e-02 -3.991550746448677828e-02 -3.579869112206378323e-02 -3.169434452296353982e-02 -2.771605750600595122e-02 -2.395242438303351110e-02 -2.046635134912309223e-02 -1.729707211746679685e-02 -1.446361850750450991e-02 -1.196879475747640760e-02 -9.803054115928772072e-03 -7.947968023268988866e-03 -6.379174329253945765e-03 -5.068799047117375674e-03 -3.987392906577626531e-03 -3.105437076908204152e-03 -2.394471757422383072e-03
-4.540887004012494725e-03 -5.772311459662541125e-03 -7.264331197548007206e-03 -9.050278012771468053e-03 -1.116146317985220425e-02 -1.362476568711770350e-02 -1.645952475639645904e-02 -1.967363145819864614e-02 -2.325877830794953471e-02 -2.718499409191273489e-02 -3.139491044106228895e-02 -3.579869112206406079e-02 -4.027114284344934098e-02 -4.465304075538351070e-02 -4.875884796613739330e-02 -5.239244055910525361e-02 -5.537092132942493528e-02 -5.755416945168165266e-02 -5.887493968515353227e-02 -5.936205573723286888e-02 -5.914869569062364274e-02 -5.845981406269760289e-02 -5.757744011658116889e-02 -5.678887684415697551e-02 -5.632870287344299981e-02 -5.632870287344302757e-02 -5.678887684415701020e-02 -5.757744011658122441e-02 -5.845981406269765146e-02 -5.914869569062368437e-02 -5.936205573723286888e-02 -5.887493968515348369e-02 -5.755416945168155551e-02 -5.537092132942474793e-02 -5.239244055910500381e-02 -4.875884796613712963e-02 -4.465304075538324702e-02 -4.027114284344904954e-02 -3.579869112206374854e-02 -3.139491044106199752e-02 -2.718499409191247815e-02 -2.325877830794929185e-02 -1.967363145819840328e-02 -1.645952475639625781e-02 -1.362476568711753523e-02 -1.116146317985204986e-02 -9.050278012771331010e-03 -7.264331197547897918e-03 -5.772311459662456991e-03 -4.540887004012420132e-03 -3.536534423600720938e-03 -2.726883400684112016e-03
-5.119731088015168699e-03 -6.507989520134197479e-03 -8.189824320930346596e-03 -1.020250552605449050e-02 -1.258068230582768711e-02 -1.535335150088145383e-02 -1.853982516551841084e-02 -2.214449046859668160e-02 -2.615024391905012083e-02 -3.051074025677893639e-02 -3.514210142003924842e-02 -3.991550746448702808e-02 -4.465304075538351070e-02 -4.912999252173103071e-02 -5.308709109730612441e-02 -5.625521495533664096e-02 -5.839271172989194542e-02 -5.933154016631569244e-02 -5.902390729763520860e-02 -5.757744011658114808e-02 -5.526607722859701310e-02 -5.250719609529975324e-02 -4.980309178100508077e-02 -4.765508093691345898e-02 -4.646799249947369120e-02 -4.646799249947371896e-02 -4.765508093691357000e-02 -4.980309178100523343e-02 -5.250719609529992671e-02 -5.526607722859719352e-02 -5.757744011658129379e-02 -5.902390729763527105e-02 -5.933154016631565775e-02 -5.839271172989184827e-02 -5.625521495533644667e-02 -5.308709109730588849e-02 -4.912999252173076703e-02 -4.465304075538319845e-02 -3.991550746448668807e-02 -3.514210142003894310e-02 -3.051074025677866577e-02 -2.615024391904983980e-02 -2.214449046859640752e-02 -1.853982516551818532e-02 -1.535335150088126994e-02 -1.258068230582751364e-02 -1.020250552605433958e-02 -8.189824320930223431e-03 -6.507989520134102937e-03 -5.119731088015085432e-03 -3.987392906577619592e-03 -3.074538833278749311e-03
-5.714892379234884009e-03 -7.264331197548007206e-03 -9.141130656259358403e-03 -1.138644486299499048e-02 -1.403800754504329514e-02 -1.712629739673731180e-02 -2.066927339558249227e-02 -2.466532230203791892e-02 -2.908418311450121710e-02 -3.385600061790988713e-02 -3.885943341982780325e-02 -4.391094099841011400e-02 -4.875884796613739330e-02 -5.308709109730612441e-02 -5.653395736683844430e-02 -5.872975128920642635e-02 -5.935356634460450809e-02 -5.820330587255663490e-02 -5.526607722859700617e-02 -5.077047603649862545e-02 -4.520098165226519443e-02 -3.925987838996106150e-02 -3.377393094734337797e-02 -2.955881571735574642e-02 -2.726903000390709653e-02 -2.726903000390716592e-02 -2.955881571735596847e-02 -3.377393094734373880e-02 -3.925987838996145007e-02 -4.520098165226559689e-02 -5.077047603649899321e-02 -5.526607722859724209e-02 -5.820330587255675980e-02 -5.935356634460451503e-02 -5.872975128920632920e-02 -5.653395736683826389e-02 -5.308709109730588155e-02 -4.875884796613708105e-02 -4.391094099840976706e-02 -3.885943341982747018e-02 -3.385600061790958876e-02 -2.908418311450090485e-02 -2.466532230203762055e-02 -2.066927339558223900e-02 -1.712629739673710710e-02 -1.403800754504310085e-02 -1.138644486299481874e-02 -9.141130656259219625e-03 -7.264331197547900520e-03 -5.714892379234790334e-03 -4.450983650905264086e-03 -3.432020621098120020e-03
-6.315724917609146644e-03 -8.027784503017915130e-03 -1.010114902478737031e-02 -1.258068230582767670e-02 -1.550678745500383426e-02 -1.891054893550012453e-02 -2.280686412318832026e-02 -2.718499409191272448e-02 -3.199613132150640193e-02 -3.713814624849192531e-02 -4.243881729108181511e-02 -4.764063145347717521e-02 -5.239244055910525361e-02 -5.625521495533664096e-02 -5.872975128920642635e-02 -5.931216858265335456e-02 -5.757744011658112726e-02 -5.328224620479792700e-02 -4.646799249947353161e-02 -3.753650755227312674e-02 -2.726903000390686060e-02 -1.676686594310788925e-02 -7.309733926385800218e-03 -1.513471831410539981e-04 3.706268541616208889e-03 3.706268541616070111e-03 -1.513471831414425761e-04 -7.309733926386355329e-03 -1.676686594310848599e-02 -2.726903000390758225e-02 -3.753650755227386226e-02 -4.646799249947405896e-02 -5.328224620479829476e-02 -5.757744011658133543e-02 -5.931216858265338232e-02 -5.872975128920632226e-02 -5.625521495533643279e-02 -5.239244055910495523e-02 -4.764063145347681438e-02 -4.243881729108146816e-02 -3.713814624849159918e-02 -3.199613132150607581e-02 -2.718499409191239835e-02 -2.280686412318803924e-02 -1.891054893549989555e-02 -1.550678745500362263e-02 -1.258068230582748588e-02 -1.010114902478721766e-02 -8.027784503017797169e-03 -6.315724917609043428e-03 -4.919021191013605090e-03 -3.792942342522486170e-03
-6.910231685851708078e-03 -8.783084710619847718e-03 -1.105063427732805477e-02 -1.376115988238753481e-02 -1.695716960510022450e-02 -2.066927339558249227e-02 -2.490729372713794756e-02 -2.964776084478326634e-02 -3.481716616300318395e-02 -4.027114284344932710e-02 -4.577136994755482552e-02 -5.096454520780779873e-02 -5.537092132942493528e-02 -5.839271172989194542e-02 -5.935356634460450809e-02 -5.757744011658112726e-02 -5.250719609529970466e-02 -4.385047035667449106e-02 -3.172539484456608772e-02 -1.676686594310776435e-02 -1.513471831408041979e-04 1.649064651544593363e-02 3.127994379194293240e-02 4.238382147651331699e-02 4.834120023884105888e-02 4.834120023884083683e-02 4.238382147651270637e-02 3.127994379194204422e-02 1.649064651544496218e-02 -1.513471831419144209e-04 -1.676686594310893008e-02 -3.172539484456698977e-02 -4.385047035667514331e-02 -5.250719609530015569e-02 -5.757744011658137012e-02 -5.935356634460452890e-02 -5.839271172989181358e-02 -5.537092132942467160e-02 -5.096454520780744485e-02 -4.577136994755445776e-02 -4.027114284344898709e-02 -3.481716616300283007e-02 -2.964776084478291593e-02 -2.490729372713764572e-02 -2.066927339558223900e-02 -1.695716960509999205e-02 -1.376115988238732664e-02 -1.105063427732788824e-02 -8.783084710619719349e-03 -6.910231685851594453e-03 -5.382166387493860643e-03 -4.150104589698602395e-03
-7.485426717560981873e-03 -9.513719582906421390e-03 -1.196879475747654638e-02 -1.490194773257961201e-02 -1.835711590778926761e-02 -2.236323412693481949e-02 -2.692289860483055089e-02 -3.199613132150640193e-02 -3.747833496513741647e-02 -4.317261142658858353e-02 -4.875884796613737943e-02 -5.376547908885815491e-02 -5.755416945168165266e-02 -5.933154016631569244e-02 -5.820330587255663490e-02 -5.328224620479792700e-02 -4.385047035667449106e-02 -2.955881571735553826e-02 -1.062569124049399238e-02 1.201869207230882308e-02 3.670045138916144811e-02 6.112488276124039555e-02 8.266155031605820769e-02 9.875268005164192231e-02 1.073626251600736659e-01 1.073626251600733050e-01 9.875268005164103413e-02 8.266155031605693093e-02 6.112488276123889674e-02 3.670045138915978278e-02 1.201869207230712999e-02 -1.062569124049539404e-02 -2.955881571735659297e-02 -4.385047035667526821e-02 -5.328224620479841966e-02 -5.820330587255683613e-02 -5.933154016631565775e-02 -5.755416945168147225e-02 -5.376547908885783572e-02 -4.875884796613701166e-02 -4.317261142658822964e-02 -3.747833496513704177e-02 -3.199613132150602723e-02 -2.692289860483022823e-02 -2.236323412693454540e-02 -1.835711590778902821e-02 -1.490194773257938476e-02 -1.196879475747636423e-02 -9.513719582906286082e-03 -7.485426717560861309e-03 -5.830306936315618298e-03 -4.495710694510724956e-03
-8.027784503017908191e-03 -1.020250552605448183e-02 -1.283402926516464398e-02 -1.597619003257371578e-02 -1.967363145819862880e-02 -2.395242438303371926e-02 -2.880590458203254045e-02 -3.417410107643191475e-02 -3.991550746448700726e-02 -4.577136994755481164e-02 -5.132560857412861444e-02 -5.596811890958038049e-02 -5.887493968515353227e-02 -5.902390729763520860e-02 -5.526607722859700617e-02 -4.646799249947353161e-02 -3.172539484456608772e-02 -1.062569124049399238e-02 1.649064651544610016e-02 4.834120023884166950e-02 8.266155031605845749e-02 1.163699762657512682e-01 1.459467309612541008e-01 1.679762437817255982e-01 1.797433270408066996e-01 1.797433270408063388e-01 1.679762437817244325e-01 1.459467309612523522e-01 1.163699762657492698e-01 8.266155031605615378e-02 4.834120023883928252e-02 1.649064651544412952e-02 -1.062569124049549119e-02 -3.172539484456728121e-02 -4.646799249947432958e-02 -5.526607722859739474e-02 -5.902390729763531962e-02 -5.887493968515342124e-02 -5.596811890958009600e-02 -5.132560857412827443e-02 -4.577136994755445776e-02 -3.991550746448661868e-02 -3.417410107643151229e-02 -2.880590458203219351e-02 -2.395242438303342436e-02 -1.967363145819836165e-02 -1.597619003257347639e-02 -1.283402926516445317e-02 -1.020250552605433438e-02 -8.027784503017776352e-03 -6.252905880108296580e-03 -4.821634893092847061e-03
-8.523756181009239236e-03 -1.083224724215297273e-02 -1.362476568711768442e-02 -1.695716960510020715e-02 -2.087412186995700469e-02 -2.539781959172959791e-02 -3.051074025677890864e-02 -3.613030560485501474e-02 -4.207383816978690905e-02 -4.801398177706464598e-02 -5.342849012567985056e-02 -5.755416945168164572e-02 -5.936205573723286888e-02 -5.757744011658114808e-02 -5.077047603649862545e-02 -3.753650755227312674e-02 -1.676686594310776435e-02 1.201869207230882308e-02 4.834120023884166950e-02 9.052411840511623287e-02 1.356443060044273952e-01 1.797433270408075601e-01 2.183114519829648381e-01 2.469785866037419453e-01 2.622735480264172248e-01 2.622735480264166696e-01 2.469785866037404742e-01 2.183114519829625622e-01 1.797433270408048955e-01 1.356443060044243698e-01 9.052411840511309649e-02 4.834120023883906048e-02 1.201869207230679693e-02 -1.676686594310942968e-02 -3.753650755227436187e-02 -5.077047603649927077e-02 -5.757744011658139788e-02 -5.936205573723284806e-02 -5.755416945168143061e-02 -5.342849012567953831e-02 -4.801398177706429210e-02 -4.207383816978650659e-02 -3.613030560485459147e-02 -3.051074025677854781e-02 -2.539781959172929607e-02 -2.087412186995672020e-02 -1.695716960509995735e-02 -1.362476568711748146e-02 -1.083224724215281487e-02 -8.523756181009100458e-03 -6.639402563020107076e-03 -5.119731088015071555e-03
-8.960325324552011889e-03 -1.138644486299497834e-02 -1.432035243722373612e-02 -1.781942209198895954e-02 -2.192777535599218022e-02 -2.666308165354273896e-02 -3.199613132150638112e-02 -3.782059360005456117e-02 -4.391094099841007931e-02 -4.986870655766592608e-02 -5.506179270452309094e-02 -5.856873030849803208e-02 -5.914869569062364274e-02 -5.526607722859701310e-02 -4.520098165226519443e-02 -2.726903000390686060e-02 -1.513471831408041979e-04 3.670045138916144811e-02 8.266155031605845749e-02 1.356443060044273952e-01 1.920399989175490540e-01 2.469785866037424726e-01 2.949214607468846894e-01 3.305067760042138536e-01 3.494779957052627783e-01 3.494779957052621677e-01 3.305067760042120217e-01 2.949214607468818028e-01 2.469785866037391420e-01 1.920399989175452793e-01 1.356443060044233984e-01 8.266155031605515457e-02 3.670045138915883909e-02 -1.513471831429136216e-04 -2.726903000390845655e-02 -4.520098165226613812e-02 -5.526607722859742250e-02 -5.914869569062375376e-02 -5.856873030849786554e-02 -5.506179270452279950e-02 -4.986870655766558608e-02 -4.391094099840966991e-02 -3.782059360005412402e-02 -3.199613132150600642e-02 -2.666308165354243018e-02 -2.192777535599188532e-02 -1.781942209198869240e-02 -1.432035243722351928e-02 -1.138644486299481354e-02 -8.960325324551864437e-03 -6.979645295698302249e-03 -5.382166387493857174e-03
-9.325571403536672341e-03 -1.185000693361382314e-02 -1.490194773257959814e-02 -1.853982516551837961e-02 -2.280686412318828904e-02 -2.771605750600616980e-02 -3.322672540321774948e-02 -3.920960270193340341e-02 -4.539805862080286553e-02 -5.132560857412858668e-02 -5.625521495533659933e-02 -5.911429568629028575e-02 -5.845981406269760289e-02 -5.250719609529975324e-02 -3.925987838996106150e-02 -1.676686594310788925e-02 1.649064651544593363e-02 6.112488276124039555e-02 1.163699762657512682e-01 1.797433270408075601e-01 2.469785866037424726e-01 3.123318458586964441e-01 3.692785504578860456e-01 4.115066730342557544e-01 4.340073259950071316e-01 4.340073259950064655e-01 4.115066730342535894e-01 3.692785504578826594e-01 3.123318458586925028e-01 2.469785866037379207e-01 1.797433270408027861e-01 1.163699762657472714e-01 6.112488276123728692e-02 1.649064651544335236e-02 -1.676686594310981826e-02 -3.925987838996224111e-02 -5.250719609530032916e-02 -5.845981406269779024e-02 -5.911429568629018860e-02 -5.625521495533633565e-02 -5.132560857412824668e-02 -4.539805862080246307e-02 -3.920960270193296626e-02 -3.322672540321736090e-02 -2.771605750600584020e-02 -2.280686412318798026e-02 -1.853982516551810206e-02 -1.490194773257937262e-02 -1.185000693361365140e-02 -9.325571403536519685e-03 -7.264331197547861489e-03 -5.601760626715876143e-03
-9.609206829699130925e-03 -1.220992572608914535e-02 -1.535335150088142607e-02 -1.909859298313892201e-02 -2.348787672010891128e-02 -2.852995918400170333e-02 -3.417410107643188005e-02 -4.027114284344929240e-02 -4.651895829790540782e-02 -5.239244055910519116e-02 -5.706418660437960477e-02 -5.933154016631568550e-02 -5.757744011658116889e-02 -4.980309178100508077e-02 -3.377393094734337797e-02 -7.309733926385800218e-03 3.127994379194293240e-02 8.266155031605820769e-02 1.459467309612541008e-01 2.183114519829648381e-01 2.949214607468846894e-01 3.692785504578860456e-01 4.340073259950079643e-01 4.819758927398801185e-01 5.075262454353159924e-01 5.075262454353151043e-01 4.819758927398776205e-01 4.340073259950040230e-01 3.692785504578817712e-01 2.949214607468795268e-01 2.183114519829595090e-01 1.459467309612494657e-01 8.266155031605462722e-02 3.127994379193993479e-02 -7.309733926388062297e-03 -3.377393094734477963e-02 -4.980309178100578854e-02 -5.757744011658146727e-02 -5.933154016631565081e-02 -5.706418660437937579e-02 -5.239244055910486503e-02 -4.651895829790499148e-02 -4.027114284344884831e-02 -3.417410107643148454e-02 -2.852995918400137720e-02 -2.348787672010858862e-02 -1.909859298313863751e-02 -1.535335150088119535e-02 -1.220992572608896667e-02 -9.609206829698973065e-03 -7.485426717560837891e-03 -5.772311459662425766e-03
-9.803054115928879625e-03 -1.245587333334811572e-02 -1.566173005076651123e-02 -1.948011941714833384e-02 -2.395242438303368457e-02 -2.908418311450116506e-02 -3.481716616300312844e-02 -4.098750423706244705e-02 -4.726690257148425528e-02 -5.308709109730606890e-02 -5.755416945168162490e-02 -5.936978822505199066e-02 -5.678887684415697551e-02 -4.765508093691345898e-02 -2.955881571735574642e-02 -1.513471831410539981e-04 4.238382147651331699e-02 9.875268005164192231e-02 1.679762437817255982e-01 2.469785866037419453e-01 3.305067760042138536e-01 4.115066730342557544e-01 4.819758927398801185e-01 5.341784282485628754e-01 5.619780016890862928e-01 5.619780016890854046e-01 5.341784282485602109e-01 4.819758927398758441e-01 4.115066730342509249e-01 3.305067760042083025e-01 2.469785866037360611e-01 1.679762437817206300e-01 9.875268005163795326e-02 4.238382147651001408e-02 -1.513471831435797554e-04 -2.955881571735730073e-02 -4.765508093691427777e-02 -5.678887684415732939e-02 -5.936978822505200454e-02 -5.755416945168139592e-02 -5.308709109730572889e-02 -4.726690257148383895e-02 -4.098750423706199603e-02 -3.481716616300272599e-02 -2.908418311450082158e-02 -2.395242438303336538e-02 -1.948011941714804587e-02 -1.566173005076627878e-02 -1.245587333334793531e-02 -9.803054115928720030e-03 -7.636542463524215174e-03 -5.888884574520262573e-03
-9.901433002384803575e-03 -1.258068230582765415e-02 -1.581819298484250791e-02 -1.967363145819859063e-02 -2.418790040381347053e-02 -2.936480026640912733e-02 -3.514210142003917903e-02 -4.134810943313676351e-02 -4.764063145347710582e-02 -5.342849012567980893e-02 -5.778250548007821119e-02 -5.935356634460450809e-02 -5.632870287344299981e-02 -4.646799249947369120e-02 -2.726903000390709653e-02 3.706268541616208889e-03 4.834120023884105888e-02 1.073626251600736659e-01 1.797433270408066996e-01 2.622735480264172248e-01 3.494779957052627783e-01 4.340073259950071316e-01 5.075262454353159924e-01 5.619780016890862928e-01 5.909723915955097384e-01 5.909723915955087392e-01 5.619780016890835173e-01 5.075262454353115515e-01 4.340073259950021356e-01 3.494779957052571162e-01 2.622735480264111185e-01 1.797433270408015371e-01 1.073626251600695303e-01 4.834120023883764494e-02 3.706268541613572109e-03 -2.726903000390874798e-02 -4.646799249947456550e-02 -5.632870287344341614e-02 -5.935356634460453584e-02 -5.778250548007798221e-02 -5.342849012567949668e-02 -4.764063145347668254e-02 -4.134810943313631248e-02 -3.514210142003877657e-02 -2.936480026640878385e-02 -2.418790040381314441e-02 -1.967363145819830267e-02 -1.581819298484227546e-02 -1.258068230582746853e-02 -9.901433002384640511e-03 -7.713238220634877421e-03 -5.948050196420368550e-03
-9.901433002384800106e-03 -1.258068230582764895e-02 -1.581819298484250444e-02 -1.967363145819858369e-02 -2.418790040381346013e-02 -2.936480026640910998e-02 -3.514210142003916515e-02 -4.134810943313674964e-02 -4.764063145347707806e-02 -5.342849012567980199e-02 -5.778250548007820425e-02 -5.935356634460452196e-02 -5.632870287344302757e-02 -4.646799249947371896e-02 -2.726903000390716592e-02 3.706268541616070111e-03 4.834120023884083683e-02 1.073626251600733050e-01 1.797433270408063388e-01 2.622735480264166696e-01 3.494779957052621677e-01 4.340073259950064655e-01 5.075262454353151043e-01 5.619780016890854046e-01 5.909723915955087392e-01 5.909723915955078510e-01 5.619780016890825181e-01 5.075262454353107744e-01 4.340073259950013584e-01 3.494779957052563946e-01 2.622735480264105634e-01 1.797433270408011208e-01 1.073626251600691972e-01 4.834120023883742290e-02 3.706268541613433332e-03 -2.726903000390881737e-02 -4.646799249947458632e-02 -5.632870287344341614e-02 -5.935356634460454972e-02 -5.778250548007798915e-02 -5.342849012567947586e-02 -4.764063145347666867e-02 -4.134810943313630555e-02 -3.514210142003876269e-02 -2.936480026640876650e-02 -2.418790040381313053e-02 -1.967363145819829226e-02 -1.581819298484226505e-02 -1.258068230582746333e-02 -9.901433002384637042e-03 -7.713238220634873084e-03 -5.948050196420366816e-03
-9.803054115928870951e-03 -1.245587333334810531e-02 -1.566173005076649735e-02 -1.948011941714831649e-02 -2.395242438303366375e-02 -2.908418311450113730e-02 -3.481716616300310069e-02 -4.098750423706241236e-02 -4.726690257148422059e-02 -5.308709109730603420e-02 -5.755416945168159715e-02 -5.936978822505199760e-02 -5.678887684415701020e-02 -4.765508093691357000e-02 -2.955881571735596847e-02 -1.513471831414425761e-04 4.238382147651270637e-02 9.875268005164103413e-02 1.679762437817244325e-01 2.469785866037404742e-01 3.305067760042120217e-01 4.115066730342535894e-01 4.819758927398776205e-01 5.341784282485602109e-01 5.619780016890835173e-01 5.619780016890825181e-01 5.341784282485573243e-01 4.819758927398734016e-01 4.115066730342487045e-01 3.305067760042064706e-01 2.469785866037345901e-01 1.679762437817194642e-01 9.875268005163714835e-02 4.238382147650945897e-02 -1.513471831439683335e-04 -2.955881571735752278e-02 -4.765508093691440267e-02 -5.678887684415737797e-02 -5.936978822505201148e-02 -5.755416945168138204e-02 -5.308709109730571502e-02 -4.726690257148381119e-02 -4.098750423706196827e-02 -3.481716616300270517e-02 -2.908418311450079730e-02 -2.395242438303334109e-02 -1.948011941714802853e-02 -1.566173005076626490e-02 -1.245587333334792317e-02 -9.803054115928711357e-03 -7.636542463524209103e-03 -5.888884574520257369e-03
-9.609206829699113578e-03 -1.220992572608912280e-02 -1.535335150088139831e-02 -1.909859298313888731e-02 -2.348787672010886965e-02 -2.852995918400166170e-02 -3.417410107643183148e-02 -4.027114284344922301e-02 -4.651895829790533843e-02 -5.239244055910514258e-02 -5.706418660437956314e-02 -5.933154016631568550e-02 -5.757744011658122441e-02 -4.980309178100523343e-02 -3.377393094734373880e-02 -7.309733926386355329e-03 3.127994379194204422e-02 8.266155031605693093e-02 1.459467309612523522e-01 2.183114519829625622e-01 2.949214607468818028e-01 3.692785504578826594e-01 4.340073259950040230e-01 4.819758927398758441e-01 5.075262454353115515e-01 5.075262454353107744e-01 4.819758927398734016e-01 4.340073259950002482e-01 3.692785504578782740e-01 2.949214607468767513e-01 2.183114519829571498e-01 1.459467309612478003e-01 8.266155031605335046e-02 3.127994379193904662e-02 -7.309733926388645164e-03 -3.377393094734512657e-02 -4.980309178100594120e-02 -5.757744011658153666e-02 -5.933154016631562999e-02 -5.706418660437932722e-02 -5.239244055910480952e-02 -4.651895829790493597e-02 -4.027114284344877893e-02 -3.417410107643142902e-02 -2.852995918400132516e-02 -2.348787672010855046e-02 -1.909859298313860282e-02 -1.535335150088116760e-02 -1.220992572608894586e-02 -9.609206829698955718e-03 -7.485426717560825748e-03 -5.772311459662415357e-03
-9.325571403536651524e-03 -1.185000693361379885e-02 -1.490194773257956518e-02 -1.853982516551833798e-02 -2.280686412318823700e-02 -2.771605750600611082e-02 -3.322672540321768009e-02 -3.920960270193332708e-02 -4.539805862080278920e-02 -5.132560857412851035e-02 -5.625521495533654381e-02 -5.911429568629027187e-02 -5.845981406269765146e-02 -5.250719609529992671e-02 -3.925987838996145007e-02 -1.676686594310848599e-02 1.649064651544496218e-02 6.112488276123889674e-02 1.163699762657492698e-01 1.797433270408048955e-01 2.469785866037391420e-01 3.123318458586925028e-01 3.692785504578817712e-01 4.115066730342509249e-01 4.340073259950021356e-01 4.340073259950013584e-01 4.115066730342487045e-01 3.692785504578782740e-01 3.123318458586886726e-01 2.469785866037347288e-01 1.797433270408002048e-01 1.163699762657452730e-01 6.112488276123581588e-02 1.649064651544235316e-02 -1.676686594311048439e-02 -3.925987838996260193e-02 -5.250719609530050264e-02 -5.845981406269784575e-02 -5.911429568629016779e-02 -5.625521495533628014e-02 -5.132560857412816341e-02 -4.539805862080238674e-02 -3.920960270193289687e-02 -3.322672540321729151e-02 -2.771605750600578122e-02 -2.280686412318792822e-02 -1.853982516551806389e-02 -1.490194773257933966e-02 -1.185000693361362538e-02 -9.325571403536498868e-03 -7.264331197547846744e-03 -5.601760626715864867e-03
